17070003066
17070007002
19070003005
19070003012
19070005019
19070006004 40,00
20070001029 27,00
20070001053 37,00
20070001080 38,00
20070002009 67,00
20070002022 72,00
20070002037 35,00
20070002042 39,00
20070003011 15,00
20070003042
20070005006 27,00
20070005013 25,00
20070005020 31,00
20070005040 0,00
20070005054 28,00
20070007010 23,00
20070007013 10,00
20070008007 46,00
20070008021 20,00
20070008029 5,00
20070009002 28,00
20070009003 43,00
20070009004
20070009006 20,00
21070001040 5,00
21070001205 16,00
21070003012
21070005202 18,00
17070006042
18070002040
19070001031 55,00
20070001003
20070001006 30,00
20070001010 53,00
20070001047
20070002003 75,00
20070002010 30,00
20070002023 75,00
20070002041 60,00
20070002044 40,00
20070003009 28,00
20070005007 58,00
20070005041 34,00
20070005047 17,00
20070005048 62,00
20070006005 56,00
20070006012 64,00
20070006022 15,00
20070007012 10,00
20070008010 15,00
20070008012 56,00
20070008016 32,00
20070008019 25,00
20070008030
20070008031 20,00
21070001024
21070003201 0,00
21070005036
21070006215 15,00
12070007029 19,00
20070001001 84,00
20070001045 28,00
20070001079 51,00
20070001081 42,00
20070001086
20070002024 44,00
20070002028 25,00
20070002031 44,00
20070002035 62,00
20070002060
20070002079
20070005003 34,00
20070005024 20,00
20070005025 14,00
20070005045 24,00
20070006003 75,00
20070006006 84,00
20070006023 37,00
20070006025 57,00
20070006042 28,00
20070007002 54,00
20070007003 40,00
20070008001 67,00
20070008002 23,00
20070008008 20,00
21070001023 72,00
21070001201
21070001210 36,00
21070005049 20,00
21070008003 37,00
21070008023 22,00
19070002044
20070001004 37,00
20070001020 65,00
20070001026 44,00
20070001084
20070002018 51,00
20070002021 48,00
20070002033 30,00
20070002043 28,00
20070002050 10,00
20070002054 37,00
20070003001
20070003002 52,00
20070003003 13,00
20070005032 29,00
20070005033 49,00
20070005036
20070005039 10,00
20070006041 5,00
20070006069 10,00
20070007015 0,00
20070008011 22,00
21070001012 50,00
21070002026
21070002027 25,00
21070002042 5,00
21070002043 60,00
21070005007 74,00
21070005026 53,00
21070005031
21070006014 56,00
21070006214 10,00
21070008032 30,00
15070006055
16070006028 35,00
16070006056
17070001056
17070003068 18,00
18070001049
19070001032
19070006044
19070007008
19070007010
19070008002
20070001005 57,00
20070001013 30,00
20070001014 75,00
20070001024 35,00
20070001028 55,00
20070001030 43,00
20070001048 68,00
20070002013 38,00
20070005001 50,00
20070005014 52,00
20070005015 68,00
20070006004 49,00
20070006028 5,00
20070006031 10,00
20070006033 20,00
20070006068 10,00
21070003010
21070006007
21070007013 64,00
17070006025
18070001005
19070001039 43,00
19070002045 5,00
19070002058
20070001025 54,00
20070001033 54,00
20070001038 68,00
20070001039 10,00
20070001044 53,00
20070002005 80,00
20070002006 67,00
20070002016 82,00
20070002039 79,00
20070005023 58,00
20070005028 25,00
20070006009 39,00
20070006032 41,00
20070006035 20,00
20070006039 26,00
20070007007
20070008013 30,00
21070003202 38,00
21070006003 84,00
19070002057 29,00
19070002070
20070001009 35,00
20070002007 60,00
20070002014 74,00
20070002045
20070002051 24,00
20070002052 20,00
20070002075 5,00
20070003007 20,00
20070003044 10,00
20070005002 76,00
20070005005 39,00
20070005012
20070005044 40,00
20070006047
20070006048 24,00
20070006062 0,00
20070007001 32,00
20070007016 61,00
20070008004 64,00
20070008005 57,00
20070008009 37,00
20070008018 19,00
20070008028
20070009001 56,00
20070009007 13,00
21070003006 13,00
21070005019 5,00
21070005025 10,00
21070006057 33,00
16070006154
19070001048 10,00
19070002054 52,00
19070005024
19070005026
20070001002 61,00
20070001032 22,00
20070001060 61,00
20070005010 76,00
20070005027 10,00
20070006001 15,00
20070006007 75,00
20070006008 49,00
20070006037 42,00
20070006050 25,00
20070007014 30,00
20070008023 20,00
20070008024
21070001015 40,00
21070001056 32,00
21070001065 38,00
21070002001 44,00
21070002011 58,00
21070002015 42,00
21070002059 54,00
21070002062 27,00
21070005052 40,00
21070006023 74,00
21070006031 52,00
21070006036 43,00
21070006042 55,00
17070001025 20,00
17070005052 10,00
18070005029
18070006052
20070001008 81,00
20070001019 39,00
20070001040 12,00
20070002036 40,00
20070003006 5,00
20070003008
20070003012 10,00
20070005043 33,00
20070006016 40,00
20070006027 49,00
20070006040
21070001009 81,00
21070001020 42,00
21070001027 39,00
21070001030 15,00
21070001035 20,00
21070001036 38,00
21070001038 27,00
21070001057 40,00
21070001206
21070002004 75,00
21070002055 23,00
21070002064 15,00
21070005009 70,00
21070005053 10,00
21070006028 15,00
21070006033 20,00
21070006208 37,00
16070005122
18070001036
18070001060
19070001056
20070001054 0,00
20070001059 27,00
20070002002 86,00
20070002015 27,00
20070002029
20070002077
20070005031 33,00
20070006020
20070007005 5,00
21070001016 33,00
21070001021
21070001028 64,00
21070001037 96,00
21070001045 44,00
21070001052 20,00
21070001053 50,00
21070001055 37,00
21070001062 28,00
21070001063 52,00
21070002018
21070002058 20,00
21070005012
21070006015
21070006030 38,00
21070006048 19,00
21070008016 61,00
21070008020 22,00
19070001016 20,00
19070002036 20,00
19070006046 10,00
20070001050 10,00
20070001074
20070002004 52,00
20070002046 20,00
20070006002 80,00
20070006015 30,00
20070008017 24,00
20070008027 37,00
21070001002 68,00
21070001019 62,00
21070001048 55,00
21070001068 10,00
21070002012 60,00
21070002013
21070002016 55,00
21070002028 60,00
21070002060 50,00
21070005001 70,00
21070005010 52,00
21070005032 14,00
21070006032 62,00
21070006053 28,00
21070006058 65,00
21070006207
21070008029 30,00
19070005032 22,00
19070006024
20070001007 68,00
20070005055
20070006011 24,00
20070006044 33,00
20070008022 15,00
21070001001 20,00
21070001044 40,00
21070001051
21070001061
21070001064 33,00
21070002007 57,00
21070002010 72,00
21070002020 28,00
21070002031 34,00
21070002045 15,00
21070005040 15,00
21070006038 16,00
21070006052 10,00
21070006054 68,00
21070007014 34,00
21070008035 16,00
21070008202 10,00