17070003066 0.00
17070007002
19070003005
19070003012
19070005019 0.00
19070006004 30.00
20070001029 13.00
20070001053 6.00
20070001080 20.00
20070002009 79.00
20070002022 63.00
20070002037 43.00
20070002042 25.00
20070003011 18.00
20070003042 2.00
20070005006 32.00
20070005013 0.00
20070005020 15.00
20070005040 29.00
20070005054 0.00
20070007010 30.00
20070007013 5.00
20070008007 17.00
20070008021 5.00
20070008029 0.00
20070009002 43.00
20070009003 35.00
20070009004 2.00
20070009006 2.00
21070001040 0.00
21070001205 0.00
21070003012 0.00
21070005202 5.00
17070006042 15.00
18070002040 0.00
19070001031 40.00
20070001003 31.00
20070001006 50.00
20070001010 5.00
20070001047 7.00
20070002003 51.00
20070002010 0.00
20070002023 34.00
20070002041 51.00
20070002044 10.00
20070003009 24.00
20070005007 69.00
20070005041 0.00
20070005047 0.00
20070005048 4.00
20070006005 33.00
20070006012 48.00
20070006022 0.00
20070007012 0.00
PHYS1121 Midterm Grades
20070008010 0.00
20070008012 21.00
20070008016 2.00
20070008019 27.00
20070008030 8.00
20070008031 2.00
21070001024 9.00
21070003201 0.00
21070005036 0.00
21070006215 0.00
12070007029 33.00
20070001001 75.00
20070001045 12.00
20070001079 38.00
20070001081 17.00
20070001086 0.00
20070002024 10.00
20070002028 2.00
20070002031 18.00
20070002035 61.00
20070002060 0.00
20070002079
20070005003 34.00
20070005024 6.00
20070005025 3.00
20070005045 32.00
20070006003 63.00
20070006006 69.00
20070006023 30.00
20070006025 60.00
20070006042 0.00
20070007002 35.00
20070007003 43.00
20070008001 76.00
20070008002 41.00
20070008008 12.00
21070001023 32.00
21070001201 17.00
21070001210 49.00
21070005049 26.00
21070008003 45.00
21070008023 20.00
19070002044
20070001004 96.00
20070001020 28.00
20070001026 53.00
20070001084 0.00
20070002018 21.00
20070002021 27.00
20070002033 10.00
20070002043 7.00
20070002050 0.00
20070002054 32.00
20070003001 0.00
20070003002 27.00
20070003003 26.00
20070005032 2.00
20070005033 89.00
20070005036
20070005039 0.00
20070006041 12.00
20070006069 0.00
20070007015 0.00
20070008011 0.00
21070001012 63.00
21070002026 10.00
21070002027 12.00
21070002042 5.00
21070002043 78.00
21070005007 62.00
21070005026 11.00
21070005031 0.00
21070006014 68.00
21070006214 20.00
21070008032 30.00
15070006055 0.00
16070006028 5.00
16070006056 0.00
17070001056
17070003068 0.00
18070001049
19070001032 3.00
19070006044 0.00
19070007008 0.00
19070007010 0.00
19070008002
20070001005 48.00
20070001013 28.00
20070001014 65.00
20070001024 2.00
20070001028 95.00
20070001030 37.00
20070001048 44.00
20070002013 59.00
20070005001 83.00
20070005014 7.00
20070005015 52.00
20070006004 66.00
20070006028 5.00
20070006031 5.00
20070006033 20.00
20070006068 2.00
21070003010
21070006007
21070007013 37.00
17070006025
18070001005
19070001039 25.00
19070002045 0.00
19070002058 0.00
20070001025 7.00
20070001033 28.00
20070001038 45.00
20070001039 0.00
20070001044 29.00
20070002005 66.00
20070002006 41.00
20070002016 55.00
20070002039 52.00
20070005023 46.00
20070005028 32.00
20070006009 23.00
20070006032 5.00
20070006035 29.00
20070006039 10.00
20070007007
20070008013 11.00
21070003202 30.00
21070006003 100.00
19070002057 41.00
19070002070
20070001009 23.00
20070002007 37.00
20070002014 40.00
20070002045 0.00
20070002051 15.00
20070002052 5.00
20070002075 0.00
20070003007 0.00
20070003044 0.00
20070005002 100.00
20070005005 72.00
20070005012 2.00
20070005044 27.00
20070006047 10.00
20070006048 2.00
20070006062 13.00
20070007001 25.00
20070007016 18.00
20070008004 15.00
20070008005 73.00
20070008009 15.00
20070008018 55.00
20070008028 5.00
20070009001 20.00
20070009007 0.00
21070003006 5.00
21070005019 0.00
21070005025 2.00
21070006057 49.00
16070006154
19070001048 0.00
19070002054 17.00
19070005024 0.00
19070005026 3.00
20070001002 57.00
20070001032 27.00
20070001060 42.00
20070005010 54.00
20070005027 13.00
20070006001 15.00
20070006007 73.00
20070006008 59.00
20070006037 26.00
20070006050 8.00
20070007014 28.00
20070008023 0.00
20070008024 0.00
21070001015 70.00
21070001056 22.00
21070001065 33.00
21070002001
21070002011 25.00
21070002015 27.00
21070002059 12.00
21070002062 7.00
21070005052 42.00
21070006023 78.00
21070006031 0.00
21070006036 24.00
21070006042 63.00
17070001025 0.00
17070005052
18070005029 0.00
18070006052
20070001008 60.00
20070001019 25.00
20070001040 0.00
20070002036 20.00
20070003006 0.00
20070003008 0.00
20070003012 0.00
20070005043 0.00
20070006016 33.00
20070006027 10.00
20070006040 0.00
21070001009 60.00
21070001020 5.00
21070001027 33.00
21070001030 35.00
21070001035 38.00
21070001036 38.00
21070001038 5.00
21070001057 0.00
21070001206
21070002004 68.00
21070002055 2.00
21070002064 3.00
21070005009 64.00
21070005053 0.00
21070006028 0.00
21070006033 25.00
21070006208 43.00
16070005122
18070001036
18070001060
19070001056
20070001054 0.00
20070001059 0.00
20070002002 68.00
20070002015 17.00
20070002029 0.00
20070002077
20070005031 0.00
20070006020 10.00
20070007005 5.00
21070001016 28.00
21070001021 0.00
21070001028 33.00
21070001037 100.00
21070001045 5.00
21070001052 52.00
21070001053 54.00
21070001055 35.00
21070001062 14.00
21070001063 23.00
21070002018 0.00
21070002058 0.00
21070005012 16.00
21070006015 20.00
21070006030 2.00
21070006048 33.00
21070008016 27.00
21070008020 0.00
19070001016 37.00
19070002036 16.00
19070006046 22.00
20070001050 0.00
20070001074
20070002004 52.00
20070002046
20070006002 83.00
20070006015 25.00
20070008017 6.00
20070008027 3.00
21070001002 49.00
21070001019 59.00
21070001048 66.00
21070001068 3.00
21070002012 29.00
21070002013 3.00
21070002016 14.00
21070002028 26.00
21070002060 70.00
21070005001 62.00
21070005010 43.00
21070005032 6.00
21070006032 45.00
21070006053 25.00
21070006058 3.00
21070006207 0.00
21070008029 8.00
19070005032 27.00
19070006024 15.00
20070001007 64.00
20070005055 2.00
20070006011 57.00
20070006044 2.00
20070008022 3.00
21070001001 45.00
21070001044 47.00
21070001051 10.00
21070001061 10.00
21070001064 51.00
21070002007 44.00
21070002010 65.00
21070002020 40.00
21070002031 9.00
21070002045 15.00
21070005040 27.00
21070006038 42.00
21070006052 18.00
21070006054 39.00
21070007014 2.00
21070008035 4.00
21070008202 0.00









